# Created by Octave 4.0.2, Thu Oct 06 21:21:04 2016 CEST <ecm@tchao>
# name: randomgen_state
# type: matrix
# rows: 625
# columns: 1
 3716749474
 3651119951
 3337997533
 3298336838
 2766443030
 2791131423
 836355094
 1905235895
 2198844479
 3565702731
 91581079
 3680142253
 3816350019
 768569520
 3132018398
 2010951281
 3398805085
 4127530890
 1596305824
 378243718
 3063506213
 1283854146
 3894304062
 3035706216
 4007740174
 2840390519
 3481296694
 3346979385
 1763690865
 888765049
 223310347
 708651135
 72133176
 2184532648
 1972111772
 574535064
 987760736
 392399615
 3580120537
 1525785007
 4023850303
 523145569
 3277497245
 2771736910
 1925199947
 739749483
 383779402
 1639821769
 842810959
 2321510584
 1466991226
 1493311223
 2293613186
 2493091511
 3274816701
 736661638
 3069142815
 2204863340
 2447146885
 3813865398
 921887803
 1518013794
 2486795429
 3117793630
 2606162649
 135959694
 797506397
 3952200649
 1163241218
 2652519394
 1576835286
 3993036716
 2616354883
 154437761
 1033706581
 3693958323
 1299035592
 3701166951
 3019229245
 2548973621
 2812369376
 1133181241
 4017074589
 577245182
 3696181253
 4072957324
 3341185935
 2883284410
 2733461258
 935141882
 242727570
 3448466954
 1201213489
 1631616745
 2874216376
 827258414
 1755968019
 674282939
 4227392413
 456588014
 4138749148
 2884075409
 1352513562
 3458612893
 2106744850
 3160714860
 531644704
 3120538427
 1590762965
 3457100941
 3067088376
 448494539
 1147411962
 389957056
 1340277515
 934509708
 3325164469
 2837162976
 1594958219
 6480444
 2307269155
 614024793
 1958623120
 1866177728
 2170729255
 3780167704
 4169471964
 363964836
 1845512404
 230884205
 3881157465
 3769419899
 1922480552
 3854972617
 2896383791
 2316358519
 1372723116
 3728526654
 2296154508
 1161246607
 3059261405
 4225457631
 1084748627
 1066229390
 1387234011
 530770356
 2305798796
 1185527592
 1114884537
 4082082971
 45345334
 4161529961
 2456842537
 3682487870
 1375495632
 2614777881
 3344693452
 3469049405
 799639897
 1880834842
 956189804
 2429971519
 3596665144
 468815268
 3819080586
 1159708725
 351150028
 3602034345
 3496566216
 2901848245
 2527316634
 2042600366
 1548361283
 3967169454
 3067009877
 4241696908
 967241609
 1763191944
 3198951766
 3092618051
 1309497958
 350556773
 3231279470
 3464071060
 1077804617
 3932945007
 3088618147
 4091240756
 2124571508
 3961693445
 868684729
 3315380569
 793472187
 3521612850
 3722346942
 3470892377
 3665840662
 3950827307
 2544062215
 2171384595
 251779072
 207690269
 1389677806
 3169488058
 4148787938
 1931232289
 1083594783
 598737769
 3871548163
 1107687960
 1580981141
 1655868339
 2914435933
 1640651235
 4045910377
 759975248
 3311019777
 694773681
 832551639
 1939779345
 500793224
 2945885564
 495590205
 3721914557
 2851438122
 2397562664
 1642408717
 1386520126
 1631461981
 3596922100
 2736185503
 3229630742
 2364626849
 2089038830
 22154828
 2073890176
 3169215191
 886675099
 226639946
 3467516864
 1403363082
 768832404
 4280707120
 2185091881
 2597187431
 1769678969
 287925177
 1805311784
 3877471413
 514445596
 2201213312
 1344932255
 305329298
 3574575558
 627746247
 2856445806
 433971183
 721501410
 965362638
 3141963958
 1803840803
 1536361881
 3161699392
 4049331266
 4215223579
 3044094213
 2716593417
 2524861114
 72596792
 2314322507
 2262060410
 26884784
 2726655269
 2554863653
 1546456093
 2622591795
 761784033
 549955449
 3669869314
 1075361833
 1776869894
 1948036451
 857485661
 3162300059
 3285238819
 769407228
 2773867083
 2431075529
 74330987
 2785732876
 3341870550
 1805359423
 726845147
 3908873247
 326001353
 3959008218
 2264503344
 3892464131
 3528747828
 1920481151
 2387144307
 3109272213
 2769612556
 1142593174
 399061228
 3607780872
 1939033224
 2649674291
 374555870
 3930824645
 156841208
 3208646268
 3425982368
 3589890654
 3506313739
 3540237225
 2066744638
 564332553
 1691506716
 154218352
 3583127395
 3263948040
 4110428864
 1491070524
 2949339118
 1204110378
 1275498503
 724157504
 2221268884
 2216509527
 1372513502
 2142429440
 3096536765
 2047514283
 1738465834
 2971949216
 3036229318
 3233934916
 3725819602
 974637205
 438160259
 58362490
 2603300890
 3738310542
 2073656442
 2561367734
 3674173794
 4110044452
 260379488
 2998182112
 1519059413
 303072683
 227089344
 2469551650
 3349261309
 3260877834
 4285402661
 2782623558
 2405221120
 3233378375
 4001302036
 2943904997
 297815343
 707476951
 1974168388
 1282712679
 572028071
 625108577
 2261839530
 1968174587
 560319517
 3885546509
 3661488049
 117715334
 3002902632
 1332303158
 3659836818
 7022165
 661672519
 4168984779
 3862534844
 272151988
 2737759320
 1893742489
 3172262194
 2053491508
 2541430016
 736034979
 3920566835
 567376958
 1817640374
 567751896
 1531169543
 1602142684
 498121297
 515172653
 3678897543
 709741219
 2945506527
 3758605109
 1921918219
 4030988267
 3469501354
 2783267001
 1663421880
 3478868299
 4135087083
 1050659861
 2501778991
 1859618602
 1663984549
 3432614923
 2680770813
 3800717086
 2207766391
 2350115916
 2148100304
 1773557740
 798718315
 3401089455
 1630917009
 3413456936
 1040879654
 1795766652
 2490003092
 2154673116
 1349224691
 3481794196
 1119524235
 2058151776
 2548072780
 1242965338
 3100517008
 831536740
 49692031
 3423173222
 2962664710
 3982491071
 2357340913
 2753604793
 2398734007
 3585259613
 3611236929
 2655097562
 1101424922
 3853255667
 3695286687
 3076879081
 3133247650
 3279279910
 3636085225
 2743162190
 2206565963
 589979859
 176114126
 2455609663
 3128119033
 4231604124
 105039434
 90727370
 1697983159
 1364660686
 3378461515
 3813968741
 860100985
 2248918140
 450403006
 2683189510
 3139393975
 533465918
 2452356720
 1725973590
 2690855821
 1587309943
 3285646186
 3141276242
 1338306009
 1796775301
 3502083587
 3569327605
 136437922
 3540065792
 1018342763
 672006582
 2463056283
 3893244039
 1886913285
 322635207
 4285699305
 1886502199
 980848216
 278415392
 1449923459
 4083140453
 1715489932
 3723137947
 740765658
 1424113849
 418952994
 2585083027
 2401069269
 3552430842
 3919347044
 1894778224
 4086170417
 4041714644
 1429868556
 3748122229
 134857953
 1127898048
 909639560
 3547227819
 4264265317
 2382935159
 3382383025
 2117723578
 3209599564
 1677618766
 633675769
 920056902
 44775911
 2138333452
 4228181405
 776876399
 3631291211
 2322587395
 1064301633
 3256346722
 3273513876
 3464539352
 1565104343
 921511977
 1951158122
 364548759
 666768855
 962636732
 1789767941
 2532874282
 4141574914
 2033828179
 447732729
 2724271568
 1453262408
 738737409
 653917200
 523620649
 3504179550
 4227654847
 4009107368
 1850277496
 4222388656
 3150519977
 1392608806
 2225047035
 1351840014
 182710210
 174377071
 3419759932
 1512337759
 546333010
 2424087050
 307042848
 3146143898
 4191282339
 2754035589
 1873884565
 353673627
 2280262055
 3842981747
 435023657
 87183513
 287061289
 1506265781
 389323454
 980453200
 2563564823
 2280891114
 2255007026
 1977949359
 1670192668
 1791274953
 2266770451
 1395290927
 1077546988
 2673337482
 2686883527
 1526645524
 3523081433
 4167222567
 3973702162
 242951867
 388202686
 3631006554
 2002634724
 1773936062
 4262507737
 2829305260
 252058632
 4099605903
 995964516
 3009067255
 1477775741
 4023350583
 2343229596
 3875615767
 46571552
 170279717
 1507066664
 3263283831
 2767993284
 341275283
 2252565074
 821532681
 2758446173
 1751165184
 1270671880
 1225803685
 3074268315
 3725639290
 4090913463
 1493073043
 79829397
 2752466833
 4119005654
 577


